30011	30013	30029	30047	30059	30071	30089	30091	30097	30103
30109	30113	30119	30133	30137	30139	30161	30169	30181	30187
30197	30203	30211	30223	30241	30253	30259	30269	30271	30293
30307	30313	30319	30323	30341	30347	30367	30389	30391	30403
30427	30431	30449	30467	30469	30491	30493	30497	30509	30517
30529	30539	30553	30557	30559	30577	30593	30631	30637	30643
30649	30661	30671	30677	30689	30697	30703	30707	30713	30727
30757	30763	30773	30781	30803	30809	30817	30829	30839	30841
30851	30853	30859	30869	30871	30881	30893	30911	30931	30937
30941	30949	30971	30977	30983	31013	31019	31033	31039	31051
31063	31069	31079	31081	31091	31121	31123	31139	31147	31151
31153	31159	31177	31181	31183	31189	31193	31219	31223	31231
31237	31247	31249	31253	31259	31267	31271	31277	31307	31319
31321	31327	31333	31337	31357	31379	31387	31391	31393	31397
31469	31477	31481	31489	31511	31513	31517	31531	31541	31543
31547	31567	31573	31583	31601	31607	31627	31643	31649	31657
31663	31667	31687	31699	31721	31723	31727	31729	31741	31751
31769	31771	31793	31799	31817	31847	31849	31859	31873	31883
31891	31907	31957	31963	31973	31981	31991	32003	32009	32027
32029	32051	32057	32059	32063	32069	32077	32083	32089	32099
32117	32119	32141	32143	32159	32173	32183	32189	32191	32203
32213	32233	32237	32251	32257	32261	32297	32299	32303	32309
32321	32323	32327	32341	32353	32359	32363	32369	32371	32377
32381	32401	32411	32413	32423	32429	32441	32443	32467	32479
32491	32497	32503	32507	32531	32533	32537	32561	32563	32569
32573	32579	32587	32603	32609	32611	32621	32633	32647	32653
32687	32693	32707	32713	32717	32719	32749	32771	32779	32783
32789	32797	32801	32803	32831	32833	32839	32843	32869	32887
32909	32911	32917	32933	32939	32941	32957	32969	32971	32983
32987	32993	32999	33013	33023	33029	33037	33049	33053	33071
33073	33083	33091	33107	33113	33119	33149	33151	33161	33179
33181	33191	33199	33203	33211	33223	33247	33287	33289	33301
33311	33317	33329	33331	33343	33347	33349	33353	33359	33377
33391	33403	33409	33413	33427	33457	33461	33469	33479	33487
33493	33503	33521	33529	33533	33547	33563	33569	33577	33581
33587	33589	33599	33601	33613	33617	33619	33623	33629	33637
33641	33647	33679	33703	33713	33721	33739	33749	33751	33757
33767	33769	33773	33791	33797	33809	33811	33827	33829	33851
33857	33863	33871	33889	33893	33911	33923	33931	33937	33941
33961	33967	33997	34019	34031	34033	34039	34057	34061	34123
34127	34129	34141	34147	34157	34159	34171	34183	34211	34213
34217	34231	34253	34259	34261	34267	34273	34283	34297	34301
34303	34313	34319	34327	34337	34351	34361	34367	34369	34381
34403	34421	34429	34439	34457	34469	34471	34483	34487	34499
34501	34511	34513	34519	34537	34543	34549	34583	34589	34591
34603	34607	34613	34631	34649	34651	34667	34673	34679	34687
34693	34703	34721	34729	34739	34747	34757	34759	34763	34781
34807	34819	34841	34843	34847	34849	34871	34877	34883	34897
34913	34919	34939	34949	34961	34963	34981	35023	35027	35051
35053	35059	35069	35081	35083	35089	35099	35107	35111	35117
35129	35141	35149	35153	35159	35171	35201	35221	35227	35251
35257	35267	35279	35281	35291	35311	35317	35323	35327	35339
35353	35363	35381	35393	35401	35407	35419	35423	35437	35447
35449	35461	35491	35507	35509	35521	35527	35531	35533	35537
35543	35569	35573	35591	35593	35597	35603	35617	35671	35677
35729	35731	35747	35753	35759	35771	35797	35801	35803	35809
35831	35837	35839	35851	35863	35869	35879	35897	35899	35911
35923	35933	35951	35963	35969	35977	35983	35993	35999	36007
36011	36013	36017	36037	36061	36067	36073	36083	36097	36107
36109	36131	36137	36151	36161	36187	36191	36209	36217	36229
